Manchester City ([1, 2, 4, 3, 1, 1, 2, 1], [133639720, 144309280, 149808080, 162793980, 178767640, 182629780, 175808200, 162460040], [-111191400, -61253800, -149600400, -189189400, -234855400, -33972200, -103887200, -123345400])
Liverpool FC ([2, 6, 8, 4, 4, 2, 1, 3], [77463460, 96795400, 112049260, 108189480, 112894140, 150402800, 135546600, 154485600], [-27081000, -55401000, -37004800, 5310000, 6867600, -152609400, 33134400, -41901800])
Chelsea FC ([3, 1, 10, 1, 5, 3, 4, 4], [121447960, 123479920, 117928020, 116364520, 143561160, 185858260, 141187000, 174418160], [-56203400, 7599200, -3197800, -25912800, -63720000, -164869600, 103816400, -200080800])
Arsenal FC ([4, 3, 2, 5, 6, 5, 8, 8], [84952920, 111718860, 115864200, 121970700, 186742080, 159724800, 139877200, 173991000], [-39400200, -96830800, -25488000, -102636400, 3551800, -79756200, -110282800, -70457800])
Everton FC ([5, 11, 11, 7, 8, 8, 12, 10], [62351200, 59536900, 65281140, 80047660, 100819200, 101134260, 103757400, 108646140], [15186600, -40627400, -40249800, -26656200, -81479000, -80712000, -41842800, -74812000])
Tottenham Hotspur ([6, 5, 3, 2, 3, 4, 6, 7], [60476180, 77632200, 64012640, 84032520, 94751640, 107623080, 126944400, 158681680], [14384200, -4578400, 17605600, -33240600, -18797400, 5841000, -97173000, -103226400])
Manchester United ([7, 4, 5, 6, 2, 6, 3, 2], [114804560, 166521600, 146996140, 185859440, 196081780, 178563500, 195219200, 228223800], [-80004000, -155122800, -57277200, -146390800, -162379800, -50279800, -150827600, -69454800])
Southampton FC ([8, 7, 6, 8, 17, 16, 11, 15], [32929080, 50217260, 50719940, 68760960, 80326140, 85567700, 63177200, 67477120], [-37594800, 29511800, -7858800, 17157200, 33028200, -40733600, -34196400, -11682000])
Stoke City ([9, 9, 9, 13, 19], [40033860, 43321340, 49746440, 61079160, 57881360], [-7434000, 2124000, -32343800, -36898600, -23954000])
Newcastle United ([10, 15, 18, 10, 13, 13, 12], [43008640, 38624940, 58120900, 49818420, 58817100, 79425800, 67904280], [23434800, -22738600, -109681000, -26443800, -17452200, -39565400, -41125360])
Crystal Palace ([11, 10, 15, 14, 11, 12, 14, 14], [22864860, 37410720, 63943020, 85218420, 80288380, 88147180, 87662200, 104707300], [-35046000, -30172600, -24850800, -54268200, -47530400, -12590600, 50822600, -2548800])
Swansea City ([12, 8, 12, 15, 18], [25321620, 35422420, 47922160, 46879040, 56372140], [-28367200, 21617600, -5841000, -10195200, 8496000])
West Ham United ([13, 12, 7, 11, 13, 10, 16, 6], [55775060, 53640440, 62932940, 66731360, 82048940, 97698100, 87917080, 78441680], [-24925140, -32662400, -36308600, -45135000, 12980000, -95426600, -60345200, -9239400])
Sunderland AFC ([14, 16, 17, 20], [49046700, 45578680, 54691820, 56359160], [-12248400, -16307600, -59000000, -19257600])
Aston Villa ([15, 17, 20, 17, 11], [38994280, 39080420, 43932580, 60357000, 73293340], [-12472600, -12897400, -1864400, -164716200, -104701400])
Hull City ([16, 18, 18], [24808320, 43418100, 49731100], [-32093640, -31364400, -11788200])
West Bromwich Albion ([17, 13, 14, 10, 20, 19], [40760740, 41878200, 48994780, 48332800, 69683720, 43763840], [-4566600, -23977600, -31836400, -11599400, -54634000, -36686200])
Norwich City ([18, 19, 20], [32838220, 38534080, 30904200], [-26786000, -27682800, -7021000])
Fulham FC ([19, 19, 18], [39325860, 60084420, 61559420], [-26915800, -114165000, -39565400])
Cardiff City ([20, 18], [32888960, 38928200], [-44674800, -54386200])
Bayern München ([1, 1, 1, 1, 1, 1, 1, 1], [], [])
Borussia Dortmund ([2, 7, 2, 3, 4, 2, 2, 3], [55236000, 59780000, 54054000, 74463000, 82887000, 96554000, 106820000, 90330000], [-5220000, -60400000, 22550000, -10100000, 141110000, 23400000, -23000000, -42500000])
FC Schalke 04 ([3, 6, 5, 10, 2, 14, 12, 18], [58227000, 49250000, 44712000, 59469000, 41678000, 69974000, 48630000, 62520000], [-17950000, 4200000, 20100000, 16500000, -42200000, -16050000, -8350000, 3600000])
Bayer Leverkusen ([4, 4, 3, 12, 5, 4, 5, 6], [39065000, 32093000, 31732000, 50007000, 56837000, 62107000, 47820000, 56200000], [13240000, -18710000, 5250000, -28400000, 33900000, 13500000, -62500000, 49300000])
VfL Wolfsburg ([5, 2, 8, 16, 16, 6, 7, 4], [53948000, 57256000, 56527000, 77913000, 58206000, 65598000, 66870000, 57870000], [-34550000, -38800000, 43200000, 13400000, -37750000, -35200000, -23500000, -10900000])
Bor. Mönchengladbach ([6, 3, 4, 9, 9, 5, 4, 8], [], [])
1. FSV Mainz 05 ([7, 11, 6, 15, 14, 12, 13, 12], [19976000, 17896000, 14725000, 21750000, 17819000, 21445000, 26250000, 23180000], [-2650000, -2520000, 20350000, -3510000, 8300000, 25600000, -3050000, 11700000])
FC Augsburg ([8, 5, 12, 13, 12, 15, 15, 13], [13868000, 12361000, 13645000, 17765000, 16563000, 23896000, 27880000, 22920000], [-3950000, -5550000, 4200000, -7150000, 50000, -3800000, -11700000, -1700000])
1899 Hoffenheim ([9, 8, 15, 4, 3, 9, 6, 11], [24677000, 26237000, 27147000, 29765000, 38805000, 37894000, 47650000, 42870000], [-5900000, -4780000, 33750000, 7560000, 31050000, -26080000, 67350000, 10800000])
Hannover 96 ([10, 13, 18, 13, 17], [28070000, 23869000, 21538000, 26476000, 31890000], [-5800000, -7300000, -4900000, -18750000, -4980000])
Hertha BSC ([11, 15, 7, 6, 10, 11, 10, 14], [], [])
Werder Bremen ([12, 10, 13, 8, 11, 8, 16, 17], [27964000, 21028000, 19162000, 29432000, 27264000, 35154000, 42540000, 29900000], [3350000, -3200000, 6570000, 3500000, -8600000, 1050000, -15450000, 0])
Eintracht Frankfurt ([13, 9, 16, 11, 8, 7, 9, 5], [24320000, 17827000, 19403000, 19655000, 25764000, 38083000, 43070000, 45600000], [-6980000, -570000, 280000, 8250000, -13780000, -8150000, 39800000, -5000000])
SC Freiburg ([14, 17, 7, 15, 13, 8, 10], [17139000, 13361000, 11880000, 18056000, 17045000, 16600000, 14470000], [5270000, 4250000, -6350000, 7550000, 5480000, -10400000, 23450000])
VfB Stuttgart ([15, 14, 17, 7, 16, 9], [27046000, 25426000, 19853000, 29272000, 36358000, 18520000], [0, -10050000, 4880000, -23300000, -29750000, -3750000])
Hamburger SV ([16, 16, 10, 14, 17], [38744000, 40249000, 27704000, 33603000, 34228000], [8900000, -12650000, -8650000, -38300000, -13450000])
1. FC Nürnberg ([17, 18], [], [])
Eintracht Braunschweig ([18], [], [])
Atlético Madrid ([1, 3, 3, 2, 2, 3, 1], [], [])
FC Barcelona ([2, 1, 1, 1, 1, 2, 3], [178255000, 162167000, 174029000, 229912000, 243470000, 267935000, 335180000, 332710000], [-73100000, -84920000, -12700000, -90950000, -111870000, -98600000, -1350000, -96100000, 2500000])
Real Madrid ([3, 2, 2, 3, 3, 1, 2], [135708000, 153375000, 151263000, 200412000, 205395000, 230914000, 363070000, 321170000], [-62000000, -13300000, -69850000, 7500000, 88000000, -45250000, -177500000, -207500000, 102750000])
Athletic Bilbao ([4, 7, 5, 16, 8, 11, 10], [], [])
Sevilla FC ([5, 5, 7, 7, 6, 4, 4], [25198000, 26290000, 34239000, 70144000, 68581000, 77335000, 65510000, 93490000], [53880000, 29600000, 13150000, 11550000, 6700000, -57550000, 11900000, -57000000, -50500000])
Villarreal CF ([6, 6, 4, 5, 14, 5, 7], [14593000, 26963000, 20967000, 28064000, 32586000, 48332000, 53610000, 84160000], [-9500000, 3800000, -10950000, 11300000, 21200000, 40200000, -34400000, 23500000, -8250000])
Real Sociedad ([7, 12, 9, 12, 9, 6, 5], [16318000, 11524000, 18556000, 24285000, 41515000, 38101000, 39090000, 51040000], [25500000, 33200000, -24100000, -7000000, 31500000, 18800000, -11750000, -11750000, 35250000])
Valencia CF ([8, 4, 12, 4, 4, 9, 13], [31078000, 30313000, 50447000, 70030000, 60779000, 75620000, 75340000, 75390000], [24630000, 2150000, -93800000, 78900000, -37450000, -68200000, -30000000, -18000000, 74500000])
Celta Vigo ([9, 8, 6, 13, 17, 17, 8], [8714000, 13293000, 23197000, 36797000, 42091000, 69685000, 37530000, 42380000], [5800000, -2300000, 2200000, 11400000, -12600000, 5800000, -3250000, 16150000, -500000])
Levante UD ([10, 14, 20, 15, 15, 12, 14], [9688000, 12733000, 15108000, 30614000, 36238000, 18750000, 18650000], [6120000, 9590000, -6550000, 4950000, 2000000, -7800000, 1700000, 0])
Málaga CF ([11, 9, 8, 20], [], [])
Rayo Vallecano ([12, 11, 18, 20], [9617000, 11891000, 13696000, 20785000], [7000000, -150000, -400000, -350000])
Getafe CF ([13, 15, 19, 8, 5, 8, 15], [14564000, 14828000, 13914000, 14062000, 19175000, 26460000, 25790000], [4500000, 8000000, 3830000, -11300000, -18750000, -6750000, -10250000, -11700000])
Espanyol Barcelona ([14, 10, 13, 11, 7, 20], [12557000, 17278000, 14315000, 32168000, 30943000, 31847000, 33520000], [12150000, 8800000, 13050000, -12400000, 3350000, 40500000, 10800000, -500000])
Granada CF ([15, 17, 16, 7, 9], [10209000, 11457000, 16820000, 24421000, 21930000, 27060000], [720000, 12960000, 7320000, 20020000, -6950000, -6950000, -20500000])
Elche CF ([16, 13, 17], [10832000, 5177000, 13505000], [-650000, 4650000, -2750000])
UD Almería ([17, 19], [], [])
CA Osasuna ([18, 10, 11], [10519000, 14433000, 14180000, 25140000], [900000, 1550000, -13450000, -13950000, -3550000])
Real Valladolid ([19, 16, 13, 19], [7247000, 16450000, 15090000, 23230000], [750000, 7000000, -10100000, 6600000, 1450000])
Real Betis ([20, 10, 6, 10, 15, 6], [14828000, 19640000, 17549000, 24851000, 36986000, 36220000, 39540000], [1130000, -7800000, -12900000, -11430000, -26250000, 5000000, -30250000, 42150000])
Juventus ([1, 1, 1, 1, 1, 1, 1, 4], [81388000, 72376000, 87578000, 113447000, 141295000, 237307000, 255540000, 216130000], [12450000, -20040000, -70570000, -22240000, -9050000, -139500000, -22050000, -21700000])
AS Roma ([2, 2, 3, 2, 3, 6, 5, 7], [62281000, 74908000, 69209000, 83610000, 73488000, 105065000, 115880000, 113170000], [43460000, -56310000, 40420000, -30000000, 56300000, 19600000, -8000000, -14100000])
SSC Napoli ([3, 5, 2, 3, 2, 2, 7, 5], [51296000, 49307000, 52127000, 70211000, 77741000, 94947000, 100980000, 107420000], [-33250000, -14350000, -25390000, 19520000, -53750000, 20500000, -137300000, 36190000])
ACF Fiorentina ([4, 4, 5, 8, 8, 16, 10, 13], [52532000, 45287000, 28991000, 32036000, 31612000, 42911000, 47770000, 51890000], [-13150000, 28900000, 2700000, 15700000, 12400000, -23350000, -36160000, 6000000])
Inter ([5, 8, 4, 7, 4, 4, 2, 1], [], [])
Parma FC ([6, 20], [23361000, 17943000, 24904000, 28740000, 41290000], [12190000, 6230000, -20100000, -8830000, -90990000])
Torino FC ([7, 9, 12, 9, 9, 7, 16, 17], [20934000, 20025000, 17151000, 37562000, 27672000, 44676000, 46280000, 49970000], [12190000, 4660000, -8300000, -2490000, 52700000, -32300000, -9000000, -19000000])
AC Milan ([8, 10, 7, 6, 6, 5, 6, 2], [88132000, 77566000, 73608000, 60973000, 105858000, 142693000, 105190000, 84340000], [-17000000, 7900000, -77420000, -7450000, -155600000, -108150000, -42800000, 31520000])
Lazio Roma ([9, 3, 8, 5, 5, 8, 4, 6], [44102000, 33349000, 36385000, 39546000, 58377000, 65095000, 64110000, 87170000], [1650000, -12600000, -32980000, -4700000, 41650000, -8200000, -5710000, -21500000])
Hellas Verona ([10, 13, 20, 19, 9, 10], [15157000, 13253000, 16809000, 17845000, 27350000, 29100000], [1400000, 7990000, -4450000, 5100000, 21060000, -8950000])
Atalanta ([11, 17, 13, 4, 7, 3, 3, 3], [18664000, 20992000, 18321000, 22446000, 22762000, 38886000, 36820000, 44170000], [-4650000, 7080000, 15300000, 29660000, 10720000, -33500000, 45800000, 10700000])
Sampdoria ([12, 7, 15, 10, 10, 9, 15, 9], [20541000, 22331000, 26101000, 27389000, 35044000, 39079000, 37170000, 30570000], [12450000, -1630000, -15040000, 36710000, 9490000, 5150000, 4880000, -4300000])
Udinese Calcio ([13, 16, 17, 13, 14, 12, 13, 14], [16813000, 16588000, 18013000, 17580000, 17296000, 35255000, 20590000, 29760000], [23890000, -3800000, 54950000, 11220000, -4000000, -36000000, 42390000, 22450000])
Genoa CFC ([14, 6, 11, 16, 12, 17, 17, 11], [33520000, 28304000, 27928000, 31141000, 31156000, 38170000, 47810000, 40980000], [-1440000, 18650000, 30250000, 24600000, 28250000, 19550000, -1050000, -7450000])
Cagliari Calcio ([15, 18, 11, 16, 15, 14, 16], [12710000, 11311000, 18788000, 23309000, 32073000, 42850000, 59750000], [5200000, 1730000, 2100000, -3020000, -27100000, -25400000, 3500000])
Chievo Verona ([16, 14, 9, 14, 13, 20], [18244000, 14485000, 11557000, 13579000, 13301000, 24171000], [1300000, 5000000, 6250000, -4850000, 12410000, 8400000])
Sassuolo Calcio ([17, 12, 6, 12, 11, 11, 8, 8], [22923000, 21288000, 19206000, 23866000, 30756000, 36347000, 31580000, 31450000], [-32200000, -5900000, -5150000, 8100000, -11150000, 6150000, -6440000, 27500000])
Calcio Catania ([18], [19226000], [2720000])
Bologna FC ([19, 14, 15, 15, 10, 12, 12], [17984000, 23863000, 24064000, 23603000, 40557000, 36880000, 35810000], [11360000, -25830000, -14720000, -10300000, 12900000, -42250000, -3300000])
AS Livorno ([20], [11205000], [-3020000])
Paris Saint-Germain ([1, 1, 1, 2, 1, 1, 1, 2], [], [])
AS Monaco ([2, 3, 3, 1, 2, 17, 9, 3], [48803000, 25991000, 31362000, 40332000, 68350000, 82141000, 79280000, 59910000], [-155950000, 49370000, 84090000, -32050000, 120800000, 177750000, -116250000, -41370000])
Lille OSC ([3, 8, 5, 11, 17, 2, 4, 1], [19408000, 15389000, 19602000, 26514000, 27084000, 27959000, 31300000, 27280000], [39050000, 11960000, 22350000, 26300000, -37400000, 61300000, 53400000, 58700000])
AS Saint-Étienne ([4, 5, 6, 8, 7, 4, 17, 11], [], [])
Olympique Lyon ([5, 2, 2, 4, 3, 3, 7, 4], [26370000, 26722000, 34558000, 38460000, 37073000, 48119000, 62940000, 55430000], [20500000, -1900000, -14300000, -1300000, 58050000, 48050000, 32320000, 16850000])
Olympique Marseille ([6, 4, 13, 5, 4, 5, 2, 5], [34154000, 20686000, 26752000, 33988000, 52282000, 75306000, 49350000, 53130000], [-38350000, -16650000, 35300000, 32900000, -59250000, -34150000, 250000, 11050000])
Girondins Bordeaux ([7, 6, 11, 6, 6, 14, 12, 12], [14307000, 15997000, 19810000, 21552000, 19603000, 22856000, 29270000, 24560000], [7500000, -3200000, 11300000, -6400000, -6350000, 31500000, 35250000, 17000000])
FC Lorient ([8, 16, 15, 18, 16], [11844000, 10339000, 11105000, 12987000, 9330000], [8800000, 10750000, 8570000, 23550000, -20000000])
Toulouse FC ([9, 17, 17, 13, 18, 16, 20], [14410000, 10881000, 9013000, 15863000, 18743000, 18426000, 19400000], [7150000, 10700000, 7600000, -3000000, 9500000, 16050000, 3150000])
SC Bastia ([10, 12, 10, 20], [13706000, 10581000, 8796000, 12182000], [400000, 1900000, 1700000, 6750000])
Stade Reims ([11, 15, 18, 8, 6, 14], [11128000, 9971000, 12740000, 13186000, 12240000, 9540000], [-3130000, 5500000, 0, -4500000, 5300000, 6100000])
Stade Rennes ([12, 9, 8, 9, 5, 10, 3, 6], [18071000, 14765000, 11372000, 14538000, 14155000, 26679000, 35330000, 28470000], [1550000, 5360000, 4960000, 33030000, -38100000, 3000000, 0, -19120000])
FC Nantes ([13, 14, 14, 7, 9, 12, 13, 18], [11968000, 8867000, 9444000, 10568000, 14781000, 22809000, 18960000, 18800000], [-2850000, -420000, 10550000, -2350000, -1300000, 6900000, 21750000, -3000000])
Évian Thonon Gaillard ([14, 18], [], [])
Montpellier HSC ([15, 7, 12, 15, 10, 6, 8, 8], [12987000, 12787000, 12994000, 16801000, 12006000, 13231000, 17210000, 15810000], [12000000, 11900000, 1270000, 10000000, 15100000, 15950000, 19700000, -13100000])
EA Guingamp ([16, 10, 16, 10, 12, 20], [6719000, 11664000, 8021000, 9675000, 9212000, 16437000], [6300000, 100000, 4050000, 2500000, 70000, 500000])
OGC Nice ([17, 11, 4, 3, 8, 7, 5, 9], [11167000, 9313000, 9975000, 18421000, 21810000, 30085000, 24630000, 23360000], [0, 6100000, 9900000, 550000, 1200000, 33700000, -29900000, -7730000])
FC Sochaux ([18], [13354000], [-650000])
Valenciennes FC ([19], [8650000], [4800000])
AC Ajaccio ([20], [9201000], [0])
Leicester City ([14, 1, 12, 9, 9, 5, 5], [39433240, 43516040, 75167180, 75646260, 94282000, 86765400, 91480680], [-24272600, -42952000, -27128200, -42421000, -17841600, -26632600, -4484000])
Burnley FC ([19, 16, 7, 15, 10, 17], [18385580, 28808520, 38417260, 52230340, 52474600, 43366180], [-13404800, -47152800, 15139400, -26550000, -6206800, -1168200])
Queens Park Rangers ([20], [], [])
1. FC Köln ([12, 9, 5, 18, 14, 16], [], [])
SC Paderborn 07 ([18, 18], [7612000, 7010000], [-1950000, 5200000])
Deportivo La Coruña ([16, 15, 18], [10585000, 13647000, 29985000, 21059000], [-200000, -8000000, 7700000, -4000000])
SD Eibar ([18, 14, 9, 12, 14, 20], [7283000, 13135000, 17642000, 18098000, 20083000, 18480000, 18640000], [438000, -3500000, -3600000, 3050000, 9900000, -250000, 9900000, -1850000])
Córdoba CF ([20], [], [])
US Palermo ([11, 16, 19], [15638000, 17198000, 16064000], [-2700000, 39450000, 20950000])
Empoli FC ([15, 10, 18, 18], [7310000, 8989000, 14819000, 19656000], [-3350000, 5900000, 8900000, 14000000])
AC Cesena ([19], [8121000], [-450000])
SM Caen ([13, 7, 17, 16, 19], [5180000, 10537000, 11579000, 10459000, 12424000], [-800000, 7950000, 6750000, -950000, -1250000])
FC Metz ([19, 14, 20, 15, 10], [7997000, 8802000, 13202000, 11020000, 9560000], [1800000, 375000, 20100000, -11750000, -4700000])
RC Lens ([20, 7], [4590000, 8500000], [3000000, -19000000])
Watford FC ([13, 17, 14, 11, 19], [34242420, 49557640, 54841680, 58289640, 68050600], [-78352000, -12590600, -58044200, 22762200, -24426000])
AFC Bournemouth ([16, 9, 12, 14, 18], [31214540, 42084700, 50811980, 62174200, 49973000], [-57837700, -16142400, -36426600, -69985800, -23316800])
FC Ingolstadt 04 ([11, 17], [8425000, 11646000], [-6200000, -3400000])
SV Darmstadt 98 ([14, 18], [8077000, 14900000], [-1100000, 1100000])
UD Las Palmas ([11, 19], [7843000, 14346000, 19704000], [-4400000, -2700000, 24850000])
Sporting Gijón ([17], [], [])
Carpi FC ([18], [12060000], [-75000])
Frosinone Calcio ([19, 19], [6048000, 22501000], [-400000, -6400000])
Angers SCO ([9, 12, 14, 13, 11, 13], [7531000, 9884000, 10130000, 15592000, 13070000, 14240000], [5900000, -800000, 5600000, 17350000, 23600000, -300000])
GFC Ajaccio ([19], [], [])
ESTAC Troyes ([20, 19], [8978000, 6870000], [7000000, 0])
Middlesbrough FC ([19], [45864240], [-36591800])
RB Leipzig ([2, 6, 3, 3, 2], [26988000, 42405000, 54729000, 70740000, 53870000], [-72600000, -37210000, 7120000, -25500000, 3500000])
FC Crotone ([17, 18, 19], [8741000, 10306000, 18990000], [1850000, -2850000, -6200000])
Pescara Calcio ([20], [14873000], [8210000])
Dijon FCO ([16, 11, 18, 16, 20], [8418000, 11005000, 12370000, 10440000, 10670000], [-1900000, 11500000, -5200000, 17200000, 1200000])
AS Nancy ([19], [7274000], [8600000])
Brighton & Hove Albion ([15, 17, 15, 16], [47092620, 50528780, 57489600, 60863220], [-69667200, -74871000, -79178000, -8389800])
Huddersfield Town ([16, 20], [30216260, 41435700], [-54055800, -40745400])
Girona FC ([10, 18], [13554000, 18584000], [-8750000, -6900000])
CD Alavés ([14, 11, 16, 16], [], [])
CD Leganés ([17, 13, 18], [], [])
SPAL 2013 Ferrara ([17, 13, 20], [19733000, 24471000, 30940000], [-7500000, -21650000, 9050000])
Benevento Calcio ([20, 18], [17724000, 32410000], [-18750000, -10800000])
Amiens SC ([13, 15, 19], [12330000, 11335000, 13860000], [1370000, 3860000, -12710000])
RC Strasbourg ([15, 11, 10, 15], [10804000, 13683000, 13030000, 14020000], [-1900000, -1750000, 10500000, -11500000])
Wolverhampton Wanderers ([7, 7, 13], [43880660, 63873400, 60786520], [-95792400, -99934200, -3823200])
Fortuna Düsseldorf ([10, 17], [], [])
SD Huesca ([19, 18], [15437000, 17210000], [-6600000, -4250000])
Parma Calcio 1913 ([14, 11, 20], [], [])
Nîmes Olympique ([9, 18, 19], [], [])
Sheffield United ([9, 20], [28532400, 23702660], [-73065600, -66587400])
1. FC Union Berlin ([11, 7], [21400000, 17300000], [-6150000, 4870000])
RCD Mallorca ([19], [12520000], [-7000000, -7500000])
US Lecce ([18], [32320000], [-7450000])
Brescia Calcio ([19], [16190000], [-18550000])
Stade Brest ([14, 17], [7740000, 10030000], [-7000000, -1100000])
Leeds United ([9], [28539480], [-113398000])
Arminia Bielefeld ([15], [9590000], [-400000])
Cádiz CF ([12], [], [])
Spezia Calcio ([15], [20120000], [-3760000])